   7.1085763e-01   4.3545036e-01   1.0524811e-12
  -1.5261333e-01   3.1776736e-01   2.6834520e-10
  -1.0436058e+00   3.1463204e-01   6.8310751e-09
   4.9249126e-01   3.4732428e-01   6.7590944e-08
   1.0542165e+00  -4.2998224e-02   3.9799801e-07
   2.9820095e-01  -2.4403003e-01   1.6860239e-06
  -4.1016673e-01   1.0311732e-01   5.6857641e-06
   7.7608634e-01   1.0028528e-01   1.6213993e-05
   9.2077407e-01   1.2708059e-02   4.0652468e-05
   8.9119989e-01  -3.0995310e-02   9.2030251e-05
   3.9465350e-02  -1.1501124e-01   1.9171594e-04
  -8.9335354e-01  -8.6000749e-02   3.7269198e-04
  -1.5596752e+00  -3.3119775e-02   6.8331619e-04
  -1.4864005e+00  -1.7875224e-01   1.1914045e-03
   6.6382525e-01  -1.6673105e-01   1.9883987e-03
   1.0812288e+00  -7.3591325e-02   3.1933223e-03
  -5.5470784e-01   6.9348162e-02   4.9561770e-03
   9.7065506e-02  -9.0214831e-02   7.4604068e-03
   1.1339104e+00  -6.3502192e-02   1.0924048e-02
   1.5160495e+00  -8.1717224e-02   1.5599205e-02
   3.8267499e-01   1.7221470e-02   2.1769554e-02
  -9.9862121e-01  -1.8274239e-02   2.9745619e-02
   3.0203129e-03   3.3046661e-02   3.9857721e-02
   1.4349229e-01  -5.0897170e-02   5.2446568e-02
   3.7045392e-01  -5.3671437e-04   6.7851635e-02
  -1.8914549e+00   2.2695424e-01   8.6397596e-02
  -4.4111522e-02   2.0348364e-01   1.0837923e-01
  -2.3906634e+00   7.7652613e-02   1.3404536e-01
   9.7305305e-01   1.1484742e-01   1.6358247e-01
  -5.2304311e-01   5.1493268e-01   1.9709877e-01
   6.9266206e-01   5.6422514e-01   2.3460948e-01
   1.4440629e+00   7.7759577e-01   2.7602416e-01
   1.2503838e+00   1.1210992e+00   3.2113692e-01
   3.4397475e+00   9.9818149e-01   3.6962003e-01
   2.9319405e-01   1.0308377e+00   4.2102181e-01
   1.2063753e+00   1.3182886e+00   4.7476887e-01
   1.3242048e+00   1.4612287e+00   5.3017331e-01
   1.7577780e-01   1.4763235e+00   5.8644461e-01
   2.2321915e+00   1.5345687e+00   6.4270616e-01
  -2.0007210e-01   1.7247315e+00   6.9801605e-01
   1.4707619e+00   2.0371079e+00   7.5139138e-01
   2.3273683e+00   2.0909913e+00   8.0183539e-01
   2.5943846e+00   2.3620115e+00   8.4836630e-01
   2.0080751e+00   2.4550701e+00   8.9004693e-01
   2.6195489e+00   2.5733458e+00   9.2601380e-01
   4.2161070e+00   2.7709796e+00   9.5550466e-01
   2.1423082e+00   2.7908020e+00   9.7788322e-01
   3.9520562e+00   2.8667354e+00   9.9266012e-01
   3.7950906e+00   2.8927847e+00   9.9950923e-01
   2.0367901e+00   2.8702476e+00   9.9827859e-01
   3.7305974e+00   3.0999282e+00   9.8899555e-01
   3.1065700e+00   3.0645453e+00   9.7186581e-01
   4.2397764e+00   2.8931937e+00   9.4726654e-01
   1.1312787e+00   2.9333230e+00   9.1573371e-01
   2.5650300e+00   2.6683944e+00   8.7794431e-01
   3.0594909e+00   2.7346522e+00   8.3469412e-01
   2.1574736e+00   2.6783994e+00   7.8687204e-01
   2.0568755e+00   2.4900576e+00   7.3543191e-01
   2.7978438e+00   2.0795592e+00   6.8136320e-01
   1.3178541e+00   1.9821763e+00   6.2566145e-01
   1.2027357e+00   1.7900465e+00   5.6929986e-01
   7.4924562e-01   1.7168739e+00   5.1320291e-01
   1.4252652e+00   1.6049580e+00   4.5822305e-01
   7.2817900e-01   1.3865427e+00   4.0512116e-01
   7.1359692e-01   1.1414168e+00   3.5455137e-01
   4.3499483e-01   9.3931480e-01   3.0705061e-01
  -5.8042292e-01   8.0000154e-01   2.6303292e-01
  -2.3289051e+00   5.5964423e-01   2.2278856e-01
  -4.1508352e-01   6.1412214e-01   1.8648749e-01
   2.1990091e-01   5.6044236e-01   1.5418685e-01
   9.3984659e-01   5.5276782e-01   1.2584169e-01
   7.9094276e-01   5.7632133e-01   1.0131839e-01
   1.9759094e-01   4.6267366e-01   8.0409808e-02
  -1.2615516e+00   2.3414625e-01   6.2851405e-02
   1.9948895e+00   5.2454161e-02   4.8337652e-02
   5.6447642e-01  -4.8790773e-02   3.6537843e-02
   6.4063355e-01   2.3096578e-02   2.7110773e-02
  -2.5063344e-01   1.8746852e-02   1.9717761e-02
  -2.9798528e-01   9.3429114e-02   1.4033615e-02
   1.5102983e+00   8.5512802e-02   9.7553329e-03
  -5.0923734e-01   1.1457807e-01   6.6084429e-03
   1.5311783e+00   3.6194709e-02   4.3510263e-03
   3.5445672e-01  -1.5618278e-01   2.7755901e-03
  -1.4479816e-01   7.9149991e-02   1.7090444e-03
   1.0452640e+00   6.0969583e-02   1.0111147e-03
   1.0161376e+00   2.6211181e-01   5.7155319e-04
   2.6775545e-01   7.4937726e-02   3.0653386e-04
   8.5779796e-02  -3.0893399e-02   1.5459749e-04
  -1.0371450e+00  -2.5924301e-01   7.2480793e-05
   2.1878609e-01  -7.3594557e-02   3.1109519e-05
   4.3852335e-01  -1.6986908e-01   1.1970748e-05
   8.7510152e-01  -6.4850189e-02   4.0086778e-06
  -1.0074437e+00  -1.2427993e-02   1.1177149e-06
  -1.2498273e+00  -9.5887448e-02   2.4194131e-07
   7.4977141e-01  -2.4084945e-02   3.6031264e-08
  -3.4768301e-01  -5.4581443e-02   2.9130719e-09
  -2.2550309e+00  -8.2157107e-02   7.1880334e-11
  -4.9853532e-01  -1.6739229e-01   5.8024362e-14
  -1.0114626e+00  -5.1010386e-02   7.6777232e-17
  -1.1571922e+00  -1.4692854e-01   8.7883399e-12
   1.3042410e-01   6.2052362e-03   8.3076752e-10
   7.8660653e-01   1.7457840e-02   1.4745791e-08
  -6.0818025e-01   9.4473243e-02   1.2102318e-07
  -1.3633690e+00  -1.2505115e-01   6.3544697e-07
   3.4576171e-01   2.7560612e-02   2.4909170e-06
  -3.8710838e-01  -1.2556835e-01   7.9416355e-06
  -7.5461687e-03  -6.9156665e-02   2.1703497e-05
  -9.0017998e-01  -4.0614753e-02   5.2626584e-05
  -5.4049193e-01   9.0219461e-02   1.1596214e-04
  -1.8710429e+00  -4.9480217e-02   2.3623760e-04
   2.7070713e+00  -1.5162966e-01   4.5069230e-04
   1.3319108e+00  -1.3431892e-01   8.1315746e-04
   8.8766961e-01  -1.1713385e-01   1.3981928e-03
  -8.2814924e-01  -1.1454288e-01   2.3052239e-03
   4.5013406e-02  -1.6320954e-02   3.6623665e-03
  -5.2091847e-01   6.9720934e-02   5.6295796e-03
  -6.3007788e-01   1.0329991e-01   8.4007701e-03
   7.6666119e-01   1.5241979e-01   1.2204471e-02
  -9.0474025e-01   1.3184482e-01   1.7302746e-02
  -4.6838816e-01  -6.3099841e-02   2.3988035e-02
  -1.5998965e+00   2.9735249e-02   3.2577737e-02
   1.6423202e+00   1.3130428e-01   4.3406430e-02
  -1.3843941e-02   1.0383796e-01   5.6815774e-02
   4.5313270e-02   5.8728001e-02   7.3142259e-02
   1.0925326e+00   8.0228999e-02   9.2703124e-02
   3.1326140e-01   2.9079514e-01   1.1578091e-01
   1.9214150e+00   3.3108990e-01   1.4260722e-01
   6.8332257e-01   2.0976546e-01   1.7334638e-01
   2.5526444e-01   4.8415970e-01   2.0807983e-01
  -2.9879265e-01   7.4451896e-01   2.4679188e-01
   2.1094647e+00   8.1237246e-01   2.8935791e-01
   2.0724646e+00   8.1993539e-01   3.3553547e-01
   5.9109092e-01   8.1071328e-01   3.8495920e-01
   1.3613496e+00   1.2038865e+00   4.3713994e-01
   1.4616557e+00   1.3386260e+00   4.9146854e-01
  -1.5802418e-01   1.3995048e+00   5.4722441e-01
   2.0046414e+00   1.3964575e+00   6.0358891e-01
   1.7907862e+00   1.4955938e+00   6.5966323e-01
   1.9981595e+00   1.6384332e+00   7.1449026e-01
   1.8042994e+00   1.9973491e+00   7.6707992e-01
   3.2537768e+00   2.1851917e+00   8.1643691e-01
   9.4929440e-01   2.4693688e+00   8.6158985e-01
   2.8845542e+00   2.5350132e+00   9.0162095e-01
   3.6096715e+00   2.6331340e+00   9.3569469e-01
   3.1576369e+00   2.6352676e+00   9.6308465e-01
   2.9805029e+00   2.8648785e+00   9.8319718e-01
   1.5081888e+00   2.9505502e+00   9.9559103e-01
   2.8105719e+00   3.1416546e+00   9.9999213e-01
   2.1519604e+00   2.9386662e+00   9.9630275e-01
   2.0038250e+00   2.8016691e+00   9.8460482e-01
   2.4714066e+00   2.9096844e+00   9.6515718e-01
   3.7179266e+00   2.8814759e+00   9.3838684e-01
   3.6387783e+00   2.7313302e+00   9.0487474e-01
   2.4348765e+00   2.6450894e+00   8.6533651e-01
   2.4711596e+00   2.5864656e+00   8.2059909e-01
   4.2866777e+00   2.3926971e+00   7.7157416e-01
   2.4144664e+00   2.2800382e+00   7.1922955e-01
   8.1079450e-01   2.0964533e+00   6.6455964e-01
   1.1337890e+00   2.0862198e+00   6.0855613e-01
   2.1427446e+00   1.8827365e+00   5.5218007e-01
   1.6296605e+00   1.8006584e+00   4.9633636e-01
   1.2351460e+00   1.4812694e+00   4.4185148e-01
   1.2906076e+00   1.3385365e+00   3.8945527e-01
   2.3724848e+00   1.0317616e+00   3.3976712e-01
   3.5539550e+00   9.0791463e-01   2.9328698e-01
   6.5346565e-01   8.2804959e-01   2.5039115e-01
   1.0493235e+00   7.3959383e-01   2.1133276e-01
   3.3664498e+00   6.8892540e-01   1.7624653e-01
  -3.2333491e-01   3.6790080e-01   1.4515729e-01
   6.7589867e-01   2.9253428e-01   1.1799163e-01
   8.5495081e-01   2.5059000e-01   9.4591920e-02
   1.4054805e+00   9.8349002e-02   7.4731826e-02
   4.2819133e-01   1.6286534e-01   5.8132642e-02
  -4.3255154e-01   2.5155090e-02   4.4479547e-02
  -7.4032321e-01   7.9153747e-02   3.3437161e-02
  -5.5621762e-01   1.5814053e-01   2.4663756e-02
   6.2537648e-01   2.6941166e-02   1.7823692e-02
   9.9669861e-01  -5.7198364e-02   1.2597710e-02
  -7.8985745e-01  -1.6694668e-01   8.6909172e-03
  -1.0162556e+00   1.2872373e-01   5.8384144e-03
   4.0652872e-01   2.3422063e-02   3.8086415e-03
   2.9519902e+00   5.0931226e-02   2.4046435e-03
  -4.5606770e-01   1.6763493e-01   1.4635357e-03
   1.5890087e+00   1.5153453e-01   8.5451033e-04
  -2.2764820e+00   7.1555176e-02   4.7575962e-04
  -1.2275267e+00   5.4477931e-03   2.5069641e-04
  -1.0296405e-01   6.1383001e-02   1.2383084e-04
  -9.5331428e-01   1.3567728e-01   5.6622461e-05
  -1.0265006e+00   1.8322037e-01   2.3569059e-05
   3.6288789e-01   2.4292285e-01   8.7260786e-06
  -1.1843306e+00   2.4077779e-01   2.7793137e-06
  -3.5348926e-01   2.0673645e-01   7.2407185e-07
   1.4687130e+00  -5.0498118e-02   1.4218181e-07
  -2.0849556e-01   1.5830899e-02   1.8187980e-08
  -4.6831822e-01   3.0734662e-02   1.1211415e-09
  -2.0811465e+00  -1.2079415e-01   1.4825096e-11
  -5.9029612e-01  -2.3203120e-01   5.8854466e-16
  -3.3700555e-01  -4.8802721e-02   1.9647613e-14
  -5.0334587e-01  -1.0970348e-02   4.6922612e-11
   8.0319764e-01   2.5781961e-02   2.2343603e-09
  -1.2416399e+00  -6.1629462e-02   2.9730890e-08
  -7.0584571e-01   2.3547319e-02   2.0814594e-07
   2.6997002e-01  -2.0965568e-01   9.8796064e-07
   4.9355972e-01  -4.5014198e-02   3.6112598e-06
  -1.2432203e-01   1.4582154e-02   1.0937027e-05
   1.9499684e+00   1.9673043e-02   2.8734346e-05
  -3.3186694e-01   1.4564246e-02   6.7530963e-05
   1.1717602e+00   1.4668344e-01   1.4506625e-04
   1.1121025e+00   2.4458439e-01   2.8934472e-04
   1.6347741e+00   1.7896547e-01   5.4222237e-04
  -1.1167760e-01   7.4348255e-02   9.6338779e-04
   1.8085581e+00  -4.0934656e-02   1.6345290e-03
   9.7631558e-01   2.1838022e-01   2.6634112e-03
  -9.8476615e-01   5.6512089e-02   4.1875361e-03
   1.1381414e-01  -5.2355584e-02   6.3770174e-03
  -1.6033338e+00  -1.4065435e-01   9.4362900e-03
   3.0915020e-01  -2.0067721e-01   1.3604284e-02
   2.9124721e-01  -2.7560805e-01   1.9152732e-02
  -1.3315570e+00  -5.5909047e-02   2.6382341e-02
  -6.3479505e-01  -6.9130172e-02   3.5616662e-02
   7.7786522e-01  -2.7541843e-02   4.7193599e-02
  -8.7907526e-01   6.4063636e-02   6.1454626e-02
   1.0441746e+00   2.0056192e-01   7.8731946e-02
   1.4045182e+00   7.6702600e-02   9.9333934e-02
  -1.8681301e+00   1.2066696e-01   1.2352938e-01
   1.2516050e+00   2.9511522e-01   1.5153116e-01
  -9.8022955e-02   5.4516635e-01   1.8348000e-01
   4.2113939e-01   6.7069040e-01   2.1942923e-01
   1.8211499e+00   7.0514642e-01   2.5933119e-01
   1.6668282e+00   8.3098311e-01   3.0302620e-01
   1.8618431e-01   9.8982687e-01   3.5023481e-01
   8.3552296e-01   1.1508352e+00   4.0055393e-01
   1.3552723e+00   1.1330923e+00   4.5345730e-01
   6.0889605e-01   1.3282558e+00   5.0830076e-01
   4.8077673e-01   1.5224493e+00   5.6433230e-01
  -7.2879053e-02   1.8825435e+00   6.2070682e-01
   2.9337993e+00   1.8019942e+00   6.7650529e-01
   1.1624586e+00   1.9203898e+00   7.3075780e-01
   2.8175213e+00   2.0700946e+00   7.8246964e-01
   2.5671220e+00   2.2928865e+00   8.3064964e-01
   5.1090377e-01   2.2719508e+00   8.7433962e-01
   3.9148889e-01   2.5268125e+00   9.1264381e-01
   2.8471221e+00   2.8705753e+00   9.4475715e-01
   1.0982618e+00   3.0209276e+00   9.6999122e-01
   3.5111546e+00   3.0453745e+00   9.8779684e-01
   2.6973573e+00   3.1338732e+00   9.9778226e-01
   2.4159333e+00   2.9297121e+00   9.9972629e-01
   2.6060026e+00   2.9026097e+00   9.9358576e-01
   3.1566465e+00   2.8992348e+00   9.7949692e-01
   2.0628360e+00   3.0965369e+00   9.5777093e-01
   4.8501509e+00   2.8748252e+00   9.2888333e-01
   2.1419539e+00   3.0243044e+00   8.9345824e-01
   3.5201227e+00   2.5991215e+00   8.5224778e-01
   2.5218342e+00   2.4382976e+00   8.0610755e-01
   2.7607252e+00   2.3431165e+00   7.5596940e-01
   2.5802594e+00   2.0949374e+00   7.0281237e-01
   6.0511185e-01   1.9771765e+00   6.4763308e-01
   9.3119204e-01   1.8615219e+00   5.9141678e-01
   1.9117273e+00   2.0198372e+00   5.3511002e-01
   1.7897201e+00   1.7194545e+00   4.7959603e-01
   2.9365533e+00   1.4864627e+00   4.2567366e-01
   7.1863154e-01   1.1656319e+00   3.7404042e-01
   1.6357171e+00   1.1720395e+00   3.2528012e-01
   2.5255206e+00   9.8649653e-01   2.7985536e-01
   1.9356193e+00   8.4041556e-01   2.3810474e-01
   2.6304776e+00   7.2025969e-01   2.0024471e-01
   1.3719005e+00   6.9258252e-01   1.6637553e-01
   2.5219962e-01   4.6544152e-01   1.3649081e-01
   7.5453988e-01   4.3693478e-01   1.1048999e-01
   7.1374516e-01   2.0809992e-01   8.8192834e-02
  -1.5583099e+00   2.4344696e-01   6.9355370e-02
   1.7047783e+00   8.7127941e-02   5.3686208e-02
  -1.0443694e+00   5.0437366e-02   4.0862687e-02
   1.2987902e+00   3.5002949e-02   3.0546064e-02
  -2.2154017e+00   9.3975298e-02   2.2395242e-02
  -1.4972052e+00   1.5984466e-02   1.6078575e-02
  -1.8840286e+00  -3.6197898e-02   1.1283472e-02
   9.9190600e-01   6.0361336e-02   7.7236718e-03
   1.0600914e+00   1.2243045e-01   5.1441539e-03
  -6.9225323e-01   1.9064068e-01   3.3238320e-03
  -1.1953564e+00   4.7534920e-02   2.0762378e-03
  -8.8783734e-01  -1.7097435e-01   1.2485046e-03
  -1.1753674e-01  -2.1571763e-01   7.1900433e-04
   2.2038118e-01  -1.4475848e-01   3.9401768e-04
   1.9504239e-01  -1.6544624e-01   2.0381315e-04
  -1.8052431e+00  -6.3037603e-02   9.8485162e-05
  -2.3967009e+00  -2.2734867e-01   4.3853408e-05
  -1.4362972e-01  -1.7915078e-01   1.7665275e-05
  -1.1738196e+00  -3.8425086e-02   6.2737612e-06
  -2.3092937e+00  -6.1691677e-02   1.8919063e-06
  -8.4889808e-01   1.4739227e-01   4.5715694e-07
  -1.4557458e+00   1.1118793e-01   8.0387627e-08
   1.0708609e+00   6.3390978e-03   8.6053969e-09
   5.0509375e-01  -1.1801593e-01   3.7870938e-10
   5.2923103e-01  -1.7712427e-01   2.0680406e-12
  -3.0068627e-01  -3.9203247e-02   3.8358954e-21
  -1.6460213e+00   1.5980815e-01   5.0323267e-13
   1.9405246e+00   1.3351031e-01   1.8720583e-10
   8.4156658e-01   9.7832065e-02   5.3851565e-09
   9.7941638e-01   3.0341993e-02   5.6609801e-08
  -1.1013437e+00  -1.6447273e-01   3.4562705e-07
  -1.3097477e+00  -1.9124280e-01   1.4999230e-06
   1.5392503e+00   1.4372513e-01   5.1462360e-06
   5.8550906e-01   9.9190919e-03   1.4867182e-05
  -6.9604642e-01  -1.6035613e-01   3.7655466e-05
   1.4507712e-01  -1.0927999e-01   8.5943143e-05
   5.0790557e-01   6.6020100e-02   1.8024029e-04
   1.3084852e+00   3.1559539e-02   3.5236080e-04
   6.8650985e-01  -1.6522971e-03   6.4914661e-04
  -1.1716595e+00   2.0430413e-01   1.1365306e-03
  -7.7518373e-01   7.6940147e-02   1.9037081e-03
   1.0670638e+00  -1.1379348e-01   3.0671245e-03
  -1.8154807e+00  -9.5884241e-02   4.7739362e-03
   8.8961856e-01  -1.3954258e-01   7.2045718e-03
  -2.6892777e-02   1.0769031e-02   1.0574013e-02
  -5.0963986e-01  -1.3043413e-01   1.5131432e-02
   1.2082953e+00  -1.2971136e-01   2.1157878e-02
   7.2145700e-01  -8.7656271e-02   2.8961758e-02
   1.2495951e+00   1.8402370e-01   3.8871993e-02
  -1.1055679e+00   2.3103456e-01   5.1228811e-02
  -1.0905533e+00   4.4748276e-01   6.6372316e-02
   4.3113745e-01   2.8206204e-01   8.4629073e-02
   5.5550159e-01   3.7514413e-01   1.0629713e-01
  -6.1952105e-01   3.0471037e-01   1.3163003e-01
  -7.6524558e-02   2.4340663e-01   1.6082038e-01
   1.0298044e-01   3.8388512e-01   1.9398392e-01
   8.8725408e-01   5.0054682e-01   2.3114461e-01
  -8.6103219e-02   6.4455597e-01   2.7222177e-01
   2.2841695e+00   7.7011865e-01   3.1701997e-01
   1.8314369e+00   9.3939784e-01   3.6522239e-01
   2.3807091e-01   1.0562604e+00   4.1638824e-01
   1.6682041e+00   1.3723844e+00   4.6995465e-01
   2.7482131e+00   1.4137214e+00   5.2524340e-01
   1.3473522e+00   1.5554322e+00   5.8147240e-01
   1.4002984e+00   1.7293332e+00   6.3777186e-01
   2.9854364e-01   1.9328277e+00   6.9320470e-01
  -5.2403713e-01   2.1415090e+00   7.4679058e-01
   1.0176739e+00   2.2653464e+00   7.9753281e-01
   1.2553475e+00   2.4450595e+00   8.4444711e-01
   1.7424408e+00   2.6392168e+00   8.8659116e-01
   2.9115817e+00   2.6099766e+00   9.2309389e-01
   2.0835746e+00   2.6983310e+00   9.5318305e-01
   3.5455479e+00   2.7579958e+00   9.7621037e-01
   2.6448659e+00   2.8172405e+00   9.9167280e-01
   2.6406741e+00   2.8478702e+00   9.9922930e-01
   3.3636807e+00   2.8431790e+00   9.9871227e-01
   3.6904676e+00   2.9332529e+00   9.9013320e-01
   3.2602011e+00   2.9524874e+00   9.7368228e-01
   4.4998746e+00   2.9198954e+00   9.4972198e-01
   2.5602132e+00   2.8254148e+00   9.1877493e-01
   2.4248959e+00   2.7629641e+00   8.8150652e-01
   2.1676594e+00   2.5071251e+00   8.3870305e-01
   2.9765092e+00   2.3846821e+00   7.9124631e-01
   2.1764480e+00   2.3557017e+00   7.4008561e-01
   1.4647390e+00   2.2304573e+00   6.8620844e-01
   1.9249616e+00   2.0513311e+00   6.3061099e-01
   2.9152658e+00   1.9563184e+00   5.7426953e-01
   2.6192751e-02   1.7004361e+00   5.1811380e-01
   2.8693445e+00   1.5507974e+00   4.6300346e-01
   2.1779854e+00   1.5014071e+00   4.0970813e-01
   5.7018436e-01   1.3882726e+00   3.5889185e-01
   1.8474703e+00   1.0351027e+00   3.1110216e-01
  -1.5070212e-01   9.0228535e-01   2.6676405e-01
   2.2825283e+00   8.6099616e-01   2.2617859e-01
   1.1411285e+00   7.4086434e-01   1.8952612e-01
   3.3353998e-02   6.1815743e-01   1.5687331e-01
   1.4735211e+00   5.0339864e-01   1.2818373e-01
   1.4570989e+00   2.9241966e-01   1.0333097e-01
   2.0612277e-01   3.9499365e-01   8.2113717e-02
   1.7658797e+00   2.8241457e-01   6.4271848e-02
   7.2694856e-01   2.6284704e-01   4.9502792e-02
  -5.5330965e-01   1.7266449e-01   3.7477451e-02
   5.9028416e-01   8.2981691e-02   2.7854996e-02
   5.2234239e-02  -1.9828711e-02   2.0296049e-02
  -1.3607797e+00  -6.1807977e-02   1.4473847e-02
   8.0772016e-01   1.4722116e-01   1.0083142e-02
   1.2944576e+00   6.3255764e-02   6.8467549e-03
   5.3545155e-01   4.6715046e-02   4.5197915e-03
   3.4884044e-01   7.0627499e-02   2.8917005e-03
   5.9653301e-02   3.9307509e-02   1.7864036e-03
   1.2176948e+00  -5.1088654e-02   1.0608314e-03
  -9.2871139e-02  -5.4447243e-02   6.0222535e-04
  -2.3135556e-02  -1.3407502e-01   3.2458969e-04
  -1.2466078e+00   8.3231911e-02   1.6466197e-04
  -1.3814749e+00   1.1385022e-01   7.7740366e-05
   1.6518990e+00   1.1058082e-01   3.3652641e-05
  -1.0445225e+00   6.7717684e-02   1.3088155e-05
  -9.8231592e-01   2.0575304e-01   4.4435743e-06
   6.4386344e-01   3.5581338e-02   1.2620642e-06
  -4.1159596e-02   5.5296838e-02   2.8042648e-07
   4.9271957e-01   5.2957473e-02   4.3467627e-08
   3.1865250e-01   9.5913512e-03   3.7655239e-09
  -5.1057904e-01  -3.2254170e-02   1.0775434e-10
   4.6694024e-02  -6.7222385e-02   1.5057358e-13
  -7.6575091e-01  -1.3461104e-01   4.9610190e-18
   2.2301478e-01  -7.9355923e-02   5.0222607e-12
  -8.1808879e-02  -6.0132935e-02   6.0841778e-10
  -1.5815350e+00  -9.3046197e-02   1.1886926e-08
  -6.8547671e-01  -1.0689820e-01   1.0266604e-07
   9.1741641e-01   8.9584142e-02   5.5642725e-07
   1.3123594e+00   9.5763425e-02   2.2289104e-06
  -4.7313997e-01   5.6094876e-02   7.2191436e-06
  -6.2226249e-01   1.1390941e-01   1.9967173e-05
   6.5629958e-01  -2.1040471e-02   4.8876553e-05
  -1.0631613e+00  -6.8526439e-02   1.0852758e-04
  -7.0585548e-01  -1.1262841e-01   2.2249968e-04
  -8.5484583e-01  -1.9280773e-01   4.2676131e-04
   1.9721588e+00  -4.2543647e-02   7.7351736e-04
   5.5607119e-01  -7.7996334e-02   1.3353324e-03
  -9.3830623e-02   1.4232209e-01   2.2092800e-03
   3.5226797e-01   3.8494021e-02   3.5208081e-03
  -7.8410947e-01   4.8174276e-02   5.4269670e-03
  -5.4451768e-01   4.7634600e-02   8.1186210e-03
   1.6614395e-01  -6.8171450e-02   1.1821267e-02
   5.2958463e-01   8.1014047e-02   1.6794109e-02
   7.8376254e-01   7.5672335e-02   2.3327095e-02
  -6.5123968e-02   1.9335552e-01   3.1735699e-02
   9.0500941e-01   1.2742751e-01   4.2353361e-02
   1.9960790e+00   1.4615883e-01   5.5521577e-02
  -1.3472892e+00   5.0850524e-02   7.1577836e-02
   1.8963500e-01   5.5409549e-02   9.0841678e-02
  -1.8267223e-01   1.9229429e-01   1.1359935e-01
   3.9817641e-02   3.9988274e-01   1.4008759e-01
   2.0273385e+00   5.0727406e-01   1.7047733e-01
   1.9595499e-02   6.7673851e-01   2.0485787e-01
   1.6487233e+00   9.2518571e-01   2.4322263e-01
  -1.3959572e-01   9.1394121e-01   2.8545698e-01
   8.0234412e-01   1.1242534e+00   3.3132912e-01
   1.1536327e+00   1.1214682e+00   3.8048462e-01
   3.3342693e+00   1.2320046e+00   4.3244515e-01
   1.1516634e+00   1.4811739e+00   4.8661187e-01
   1.1294716e+00   1.7129423e+00   5.4227353e-01
   1.2573064e+00   1.6477260e+00   5.9861948e-01
   1.5230427e+00   1.7452928e+00   6.5475714e-01
   2.5714860e+00   1.9303782e+00   7.0973359e-01
   2.9305998e+00   2.0385306e+00   7.6256056e-01
   2.5503493e+00   2.2069910e+00   8.1224203e-01
   2.3429395e+00   2.5740687e+00   8.5780335e-01
   1.8801758e+00   2.6846697e+00   8.9832082e-01
   1.8959996e+00   2.7649608e+00   9.3295055e-01
   2.0573296e+00   2.8067494e+00   9.6095550e-01
   1.9258213e+00   2.8850092e+00   9.8172947e-01
   3.1488110e+00   3.0204418e+00   9.9481712e-01
   1.0609956e+00   2.8818380e+00   9.9992917e-01
   1.9480842e+00   2.7858634e+00   9.9695215e-01
   3.1691925e+00   2.8707479e+00   9.8595216e-01
   1.0779416e+00   2.7651359e+00   9.6717273e-01
   1.0559463e+00   2.7442777e+00   9.4102653e-01
   1.5878336e+00   2.7102943e+00   9.0808165e-01
   2.0712443e+00   2.7031811e+00   8.6904274e-01
   1.7382275e+00   2.5953228e+00   8.2472794e-01
   2.6812131e+00   2.6352218e+00   7.7604260e-01
   1.3086805e+00   2.3758467e+00   7.2395078e-01
   1.2813852e+00   2.2261076e+00   6.6944572e-01
   1.5187693e+00   1.9165637e+00   6.1352049e-01
   1.2944349e+00   1.7274680e+00   5.5713992e-01
   2.3756115e+00   1.7816164e+00   5.0121480e-01
  -8.9742424e-01   1.6963017e+00   4.4657932e-01
   1.5464599e+00   1.4114483e+00   3.9397245e-01
   3.0600070e+00   1.1894742e+00   3.4402376e-01
   3.7919570e-01   9.8886404e-01   2.9724396e-01
  -2.5620883e-01   9.0726012e-01   2.5402029e-01
   1.9171309e+00   9.3828131e-01   2.1461661e-01
   1.4925503e+00   9.7097577e-01   1.7917778e-01
   2.2095795e+00   7.2755185e-01   1.4773789e-01
   7.0809214e-01   5.5764946e-01   1.2023165e-01
  -2.1654592e-01   3.2919134e-01   9.6508243e-02
   9.9111076e-01   2.7541153e-01   7.6346745e-02
  -3.7954719e-01   3.2475571e-01   5.9472405e-02
  -5.5935514e-01   1.8347626e-01   4.5572947e-02
   4.7587753e-01   1.8357941e-02   3.4314204e-02
   1.3543429e+00   1.7365232e-02   2.5354483e-02
   8.9136816e-01  -6.9007303e-03   1.8357160e-02
   4.4471335e-01  -3.5115627e-02   1.3001176e-02
  -2.2075557e-01   1.1897134e-01   8.9892317e-03
  -2.5142200e+00   9.0337869e-02   6.0536173e-03
   2.9024889e-01   3.9658079e-03   3.9597550e-03
   1.6661781e+00   1.6777019e-02   2.5076377e-03
   1.5132684e-02   4.4743452e-02   1.5314393e-03
  -1.2479259e+00   7.5928090e-02   8.9763557e-04
   5.7251032e-01  -8.0676497e-03   5.0200711e-04
  -2.4018577e+00  -2.6928072e-02   2.6590708e-04
  -1.3953465e+00   5.9042490e-02   1.3215458e-04
   4.8467731e-01  -9.6658652e-02   6.0877539e-05
  -8.7603913e-01  -7.2588830e-02   2.5571860e-05
  -6.9489866e-01  -1.9424331e-01   9.5769049e-06
   1.6049851e-01  -3.1584395e-01   3.0963223e-06
  -1.6215291e+00  -1.6545346e-01   8.2327807e-07
   2.7715975e+00  -1.0246588e-01   1.6649881e-07
   2.9599197e-01  -2.8909492e-02   2.2312363e-08
   3.5725178e-01   1.4656524e-01   1.4966245e-09
   2.1906573e-01   7.4253397e-02   2.4217298e-11
   1.1451150e+00   6.9046102e-02   2.9798065e-15
   1.2412348e+00   6.4606269e-02   5.6130467e-15
   8.9184839e-01   2.1361653e-02   2.9901395e-11
   8.7438818e-01  -4.1301960e-02   1.6981496e-09
  -4.9570233e-01  -1.3816296e-01   2.4414814e-08
   1.6655297e+00  -1.1969209e-01   1.7854411e-07
  -1.3599813e+00  -1.6111955e-01   8.7152700e-07
  -1.3688718e+00  -5.3898405e-02   3.2485461e-06
   4.1476741e-01  -1.3194147e-01   9.9816365e-06
   1.2092557e+00  -3.7640958e-02   2.6517700e-05
   1.3977897e+00   1.9333578e-02   6.2875480e-05
   1.6478941e+00   8.9829643e-02   1.3604455e-04
  -1.9949343e+00   5.8234987e-02   2.7298765e-04
  -1.9349722e-01  -3.4822678e-02   5.1418454e-04
  -5.0236502e-01   2.9866824e-03   9.1758574e-04
   2.4764250e-01   5.6911460e-02   1.5627731e-03
  -1.2201428e+00   2.2693117e-01   2.5550579e-03
  -1.3652430e-01   1.2025512e-01   4.0291917e-03
   6.5829247e-01   1.9603965e-01   6.1523254e-03
   8.4568222e-02   1.9239104e-01   9.1258376e-03
   1.7170228e+00   2.0726323e-01   1.3185657e-02
  -6.9521171e-01   6.2296227e-02   1.8600746e-02
  -6.2617059e-01   7.6691703e-02   2.5669470e-02
  -1.9786724e-01   2.1350653e-01   3.4713675e-02
   2.9470220e-01   6.5498931e-02   4.6070399e-02
  -1.3980525e+00   4.4296428e-02   6.0081291e-02
  -5.1999056e-01   1.7745262e-01   7.7079933e-02
   1.3479443e+00   2.7260861e-01   9.7377421e-02
  -3.6245238e-01   3.1359316e-01   1.2124669e-01
   1.1957809e+00   4.1329420e-01   1.4890619e-01
   3.7274578e-01   5.1925702e-01   1.8050365e-01
  -4.9539542e-01   5.7676517e-01   2.1610068e-01
   5.3596472e-01   6.5849639e-01   2.5565899e-01
   1.4407569e+00   8.3806877e-01   2.9902915e-01
   2.8289521e-02   9.5941199e-01   3.4594249e-01
   1.0502861e+00   9.3519014e-01   3.9600685e-01
   1.0860584e+00   1.1192529e+00   4.4870668e-01
   1.7393910e+00   1.0791965e+00   5.0340790e-01
   9.8841607e-01   1.4097116e+00   5.5936745e-01
   2.0043883e+00   1.5887851e+00   6.1574775e-01
   8.7227997e-01   1.8238650e+00   6.7163539e-01
   8.6886075e-01   2.0022026e+00   7.2606395e-01
   3.5309631e+00   2.0903267e+00   7.7803978e-01
   8.6937213e-01   2.0981840e+00   8.2657024e-01
   2.1931092e+00   2.6201473e+00   8.7069304e-01
   3.9776841e+00   2.7139557e+00   9.0950576e-01
   4.4745437e+00   2.5761545e+00   9.4219424e-01
   1.5293633e+00   2.8461895e+00   9.6805883e-01
   3.2830561e+00   2.8756981e+00   9.8653727e-01
   2.2356776e+00   2.8471054e+00   9.9722335e-01
   2.6986231e+00   2.8714458e+00   9.9988044e-01
   3.4711191e+00   2.8623108e+00   9.9444954e-01
   4.2435460e+00   2.9121416e+00   9.8105120e-01
   3.8796590e+00   2.8205602e+00   9.5998147e-01
   3.4636501e+00   2.8617288e+00   9.3170200e-01
   2.7790392e+00   2.7669826e+00   8.9682456e-01
   3.9402626e+00   2.5341164e+00   8.5609091e-01
   2.9297853e+00   2.4635672e+00   8.1034862e-01
   2.2129341e+00   2.4470411e+00   7.6052396e-01
   2.0117429e+00   2.3014480e+00   7.0759299e-01
   1.3922673e+00   2.2466339e+00   6.5255198e-01
   3.2880054e+00   2.1480443e+00   5.9638830e-01
   2.4347315e+00   2.0316242e+00   5.4005293e-01
   1.9716209e+00   1.8870824e+00   4.8443561e-01
   1.4622454e+00   1.5732092e+00   4.3034337e-01
   1.1583836e+00   1.3998015e+00   3.7848320e-01
   1.1466439e+00   1.1882193e+00   3.2944932e-01
  -9.3887696e-01   9.9836272e-01   2.8371517e-01
  -7.0983683e-01   8.3807350e-01   2.4163029e-01
   1.5779400e+00   7.5639559e-01   2.0342171e-01
   1.4480998e+00   5.6225668e-01   1.6919959e-01
   5.7464670e-01   5.3236756e-01   1.3896649e-01
   1.3040492e+00   6.1072073e-01   1.1262955e-01
   1.3119890e+00   4.3727030e-01   9.0014975e-02
   2.1215988e+00   3.8994504e-01   7.0883733e-02
   1.1189823e+00   1.3841391e-01   5.4947962e-02
  -7.6572144e-01   1.5241543e-01   4.1887126e-02
  -7.3850822e-01  -4.2590644e-02   3.1363325e-02
   3.6591407e-01   3.6798355e-03   2.3035165e-02
  -3.1366522e-01   9.4080372e-02   1.6569745e-02
   7.6925259e-01   4.1396700e-02   1.1652471e-02
   1.2435865e+00   1.1581529e-01   7.9945289e-03
  -1.0916351e+00  -1.2389487e-01   5.3380053e-03
   9.2735720e-01  -2.8146046e-02   3.4587686e-03
  -3.1820706e-01  -1.0039689e-01   2.1673179e-03
  -1.6770134e-01  -9.3826151e-02   1.3079032e-03
   6.6368559e-01  -9.1058054e-02   7.5626555e-04
   1.9302065e+00  -1.9992517e-01   4.1637754e-04
   8.0884987e-01  -2.3600907e-01   2.1655954e-04
  -4.0257716e-01  -2.1035775e-03   1.0532622e-04
  -4.5095528e-01   1.7012657e-02   4.7269801e-05
   3.3750445e-01   8.7043574e-02   1.9227776e-05
   9.4679603e-01   6.6628042e-02   6.9138627e-06
   1.2681209e+00   2.4826692e-02   2.1193281e-06
   7.1841130e-01   1.0081384e-02   5.2383924e-07
   5.2510815e-01   1.2710729e-02   9.5250153e-08
   6.0152747e-01   2.4469659e-02   1.0769925e-08
   1.2227775e+00  -2.9725560e-02   5.2688347e-10
   3.3798988e-01  -4.8629451e-02   3.8550308e-12
   1.3320003e+00  -1.3789521e-01   9.8195831e-19
  -4.3775790e-01   1.5663427e-02   2.2320658e-13
  -3.6206136e-01  -8.0802738e-02   1.2839409e-10
   3.4824873e-01  -2.2003583e-03   4.2141916e-09
  -5.5365198e-01   6.6412659e-02   4.7219530e-08
  -1.0122067e-01   3.7370533e-02   2.9936889e-07
   8.7412568e-01  -4.2903295e-02   1.3319649e-06
  -3.8254996e-01   1.4571247e-02   4.6517508e-06
  -1.3559849e-02  -3.2580310e-02   1.3618427e-05
  -9.2656197e-01  -8.5760006e-02   3.4851388e-05
  -4.8004810e-01  -4.9782784e-02   8.0206187e-05
   3.9755512e-01  -5.3792793e-02   1.6935949e-04
  -8.6954827e-01   1.4902134e-01   3.3298567e-04
   2.8358147e-01   2.6256825e-01   6.1644250e-04
   9.1203827e-01   6.5266374e-02   1.0838124e-03
  -4.7626478e-01   7.4582533e-02   1.8220754e-03
  -1.3590176e+00   5.4367034e-02   2.9451260e-03
   3.5851756e-01  -2.2203143e-01   4.5972952e-03
   4.1276834e-01  -2.0890672e-01   6.9560066e-03
   8.0930977e-01  -2.8812086e-02   1.0233185e-02
   7.4262281e-01   7.2212155e-02   1.4675052e-02
   2.3129637e+00   3.9162971e-02   2.0559995e-02
   4.3874902e-01   8.8652295e-02   2.8194251e-02
  -9.5472948e-01   2.3313146e-01   3.7905268e-02
  -9.8297177e-01   4.9476792e-01   5.0032708e-02
   1.8302593e+00   4.8745656e-01   6.4917197e-02
  -1.4840599e+00   3.0129509e-01   8.2887075e-02
   4.6133105e-01   2.1562724e-01   1.0424354e-01
   5.3143007e-01   3.4815664e-01   1.2924470e-01
   2.8983768e-01   3.6413282e-01   1.5808921e-01
   7.9365179e-01   6.4740980e-01   1.9090019e-01
   6.6620851e-01   6.4417936e-01   2.2771024e-01
   3.2665440e-01   8.2046336e-01   2.6844835e-01
   1.7374933e-02   9.6330011e-01   3.1292954e-01
   1.6260848e-01   9.5182903e-01   3.6084785e-01
   2.3808774e+00   9.1194654e-01   4.1177340e-01
   2.2704194e-01   1.2776335e+00   4.6515388e-01
   2.6323289e+00   1.4720256e+00   5.2032085e-01
   4.9374170e-01   1.5152455e+00   5.7650078e-01
   2.4915273e+00   1.6654324e+00   6.3283087e-01
   1.5053811e+00   1.8939075e+00   6.8837903e-01
   7.9737831e-01   2.1703494e+00   7.4216769e-01
   2.1891881e+00   2.1701139e+00   7.9320047e-01
   2.4838954e+00   2.3830750e+00   8.4049081e-01
   1.9739547e+00   2.4217658e+00   8.8309152e-01
   2.6113456e+00   2.5656254e+00   9.2012408e-01
   2.7853525e+00   2.7242430e+00   9.5080650e-01
   3.2862845e+00   2.7492352e+00   9.7447866e-01
   2.5504403e+00   2.9655247e+00   9.9062395e-01
   3.4703724e+00   2.9466573e+00   9.9888654e-01
   4.6852082e+00   2.8892554e+00   9.9908321e-01
   2.9116058e+00   2.8526835e+00   9.9120960e-01
   2.4035328e+00   2.8111612e+00   9.7544032e-01
   3.8334839e+00   2.8181694e+00   9.5212306e-01
   2.7860201e+00   2.7507242e+00   9.2176697e-01
   3.9507439e+00   2.6868057e+00   8.8502567e-01
   3.2515776e+00   2.4063602e+00   8.4267579e-01
   9.4844486e-01   2.4043473e+00   7.9559179e-01
   2.3309940e+00   2.3221397e+00   7.4471819e-01
   2.9386775e+00   2.1949082e+00   6.9104033e-01
   2.8855764e+00   2.0522839e+00   6.3555478e-01
   2.7477627e+00   2.0669087e+00   5.7924068e-01
   1.3591367e+00   1.8059170e+00   5.2303287e-01
   1.4241669e+00   1.7888373e+00   4.6779803e-01
   2.6441848e+00   1.6207908e+00   4.1431443e-01
   2.0106868e+00   1.4228768e+00   3.6325591e-01
   2.1922214e+00   1.1273434e+00   3.1518060e-01
   1.1470521e+00   9.5796368e-01   2.7052440e-01
   5.0531627e-01   8.2013889e-01   2.2959925e-01
   4.0161539e-01   5.7985757e-01   1.9259588e-01
   2.5841077e+00   6.5308560e-01   1.5959062e-01
   1.2862272e+00   5.1837844e-01   1.3055562e-01
  -1.1358744e+00   4.6057356e-01   1.0537182e-01
  -4.5127472e-01   3.7487101e-01   8.3843871e-02
  -3.2631327e-01   1.2684859e-01   6.5716175e-02
   2.1806735e-01   3.0758949e-01   5.0689251e-02
   1.0237588e+00   1.0400997e-01   3.8435722e-02
  -2.0545621e-01   1.4409736e-01   2.8615238e-02
  -1.4024063e-01   1.5931418e-01   2.0887813e-02
  -1.0985712e+00  -2.5413293e-02   1.4925179e-02
  -9.8377148e-01  -1.0736802e-02   1.0419897e-02
   4.2286036e-02  -4.7147666e-02   7.0921084e-03
  -1.6126571e+00  -2.0526410e-03   4.6939627e-03
  -9.5145905e-02   3.4811524e-02   3.0118502e-03
   8.9014803e-01   8.4627039e-02   1.8666927e-03
   7.1944858e-01  -8.7695208e-02   1.1126045e-03
   1.2133842e+00  -2.7136976e-02   6.3428854e-04
  -7.6590462e-01   5.7868839e-03   3.4354787e-04
  -1.0131842e+00  -2.0147862e-01   1.7528420e-04
  -4.6793015e-02  -2.2140772e-01   8.3325710e-05
  -1.6203393e+00  -2.4532068e-01   3.6373575e-05
   1.6607119e+00  -1.0845109e-01   1.4294895e-05
  -1.7047944e+00  -1.4098413e-01   4.9189018e-06
  -1.0266581e+00  -3.0250866e-01   1.4223810e-06
  -4.7561089e-01  -9.7138601e-02   3.2414523e-07
   5.8094824e-01  -4.6396508e-02   5.2210541e-08
  -1.9740386e+00   1.2322427e-01   4.8284460e-09
  -6.0727530e-01   1.8522932e-02   1.5840268e-10
  -2.5551967e+00  -5.8724074e-02   3.5295043e-13
   1.1424321e+00  -1.5995852e-01   7.4490157e-20
  -6.8834376e-02  -1.1276915e-02   2.7515578e-12
  -1.3838095e+00   6.5703143e-02   4.3996132e-10
  -3.0689101e-01   1.7256516e-02   9.5247022e-09
   1.4986709e+00   8.3564320e-02   8.6787504e-08
   1.1689929e+00  -4.5611724e-02   4.8611184e-07
   1.2335431e+00  -1.7164200e-02   1.9912155e-06
  -9.4988561e-01   8.9965276e-02   6.5544140e-06
  -1.3491977e+00   2.3651622e-01   1.8352463e-05
   1.8184055e+00   1.3981367e-01   4.5359571e-05
  -1.9439801e-01  -8.0436731e-02   1.0150703e-04
   7.9492841e-02  -7.8620504e-02   2.0945265e-04
  -3.6325648e-01   1.9620665e-02   4.0392404e-04
   2.1946676e+00   5.4769190e-02   7.3553191e-04
   1.7853414e+00   1.8474479e-01   1.2748782e-03
  -5.0518682e-01   1.5025935e-01   2.1167145e-03
   8.2934279e-01   1.1731217e-01   3.3838466e-03
   8.7519099e-01   1.6988663e-01   5.2304332e-03
  -1.1215508e+00   3.6586864e-02   7.8443027e-03
  -5.1120555e-01  -1.0063171e-01   1.1447910e-02
   1.4469941e+00   2.4802091e-02   1.6297575e-02
   9.4819313e-01   3.6961551e-02   2.2680711e-02
   1.3755676e+00  -5.7662556e-02   3.0910815e-02
   1.1853089e+00   4.0845153e-02   4.1320105e-02
  -6.0505820e-01   1.6550587e-01   5.4249824e-02
  -2.1425034e+00   9.0444460e-02   7.0038348e-02
  -5.8748778e-02   1.6725273e-01   8.9007401e-02
   1.0818644e+00   2.1127858e-01   1.1144680e-01
   9.0027119e-01   3.1081925e-01   1.3759833e-01
   5.8181110e-01   4.8296218e-01   1.6763933e-01
   1.0569573e+00   4.5540839e-01   2.0166693e-01
  -9.9457560e-01   5.4464479e-01   2.3968352e-01
   2.9907599e+00   7.9209701e-01   2.8158439e-01
   8.0823168e-01   8.0688419e-01   3.2714835e-01
  -1.3246833e+00   1.0907249e+00   3.7603191e-01
   8.4411503e-01   9.9461434e-01   4.2776757e-01
   4.3822665e+00   1.3247250e+00   4.8176687e-01
   2.3412965e+00   1.7895937e+00   5.3732801e-01
   1.2173335e+00   1.8493774e+00   5.9364847e-01
   1.7516852e+00   1.7212105e+00   6.4984207e-01
   1.8190549e+00   1.9358727e+00   7.0496024e-01
   2.0472510e+00   2.2706696e+00   7.5801675e-01
   3.0407558e+00   2.5075351e+00   8.0801513e-01
   1.1024056e+00   2.6154982e+00   8.5397763e-01
   3.2724601e+00   2.7296243e+00   8.9497488e-01
   3.1123418e+00   2.6901482e+00   9.3015486e-01
   3.2415890e+00   2.8286192e+00   9.5877009e-01
   3.9984564e+00   2.9568890e+00   9.8020196e-01
   3.4997535e+00   2.9774804e+00   9.9398115e-01
   3.9634572e+00   2.9895173e+00   9.9980327e-01
   4.0425534e+00   2.9313441e+00   9.9753911e-01
   3.8157419e+00   2.8249929e+00   9.8723897e-01
   3.1335495e+00   2.8523443e+00   9.6913095e-01
   2.7255209e+00   2.8073433e+00   9.4361333e-01
   3.6753662e+00   2.8021810e+00   9.1124116e-01
   3.1541532e+00   2.7987064e+00   8.7270793e-01
   3.1727936e+00   2.7680254e+00   8.2882280e-01
   4.6655594e+00   2.6767495e+00   7.8048456e-01
   1.5487637e+00   2.3134597e+00   7.2865326e-01
   2.1619077e+00   2.2931354e+00   6.7432078e-01
   3.8581269e+00   2.1220070e+00   6.1848135e-01
   1.1493631e+00   1.8402945e+00   5.6210335e-01
   2.0287093e+00   1.6883468e+00   5.0610331e-01
   2.1930313e+00   1.5734435e+00   4.5132298e-01
   1.3700374e+00   1.2419452e+00   3.9851036e-01
  -1.1009515e+00   1.1193653e+00   3.4830510e-01
   1.8913280e+00   8.8001798e-01   3.0122864e-01
   1.1227554e+00   7.1646586e-01   2.5767918e-01
   1.0111532e+00   5.0922724e-01   2.1793133e-01
   1.6510523e+00   6.1597717e-01   1.8214016e-01
  -3.6421806e-01   4.8998460e-01   1.5034909e-01
   4.4518252e-01   5.0716932e-01   1.2250109e-01
   1.7360863e+00   4.0701267e-01   9.8452266e-02
  -4.6811857e-01   5.0311509e-01   7.7987221e-02
   5.8800428e-01   2.9387728e-01   6.0835290e-02
   1.6360734e+00   2.8409014e-01   4.6686862e-02
  -1.4445904e-01   2.5162905e-01   3.5209101e-02
   8.3314058e-01   2.6514245e-01   2.6060443e-02
   8.5888228e-01   1.4472347e-01   1.8903361e-02
   1.9682387e+00   1.1265627e-01   1.3415063e-02
   1.3796466e+00   4.5189427e-02   9.2958849e-03
  -4.8787447e-01   1.5064154e-01   6.2753359e-03
   1.0490883e+00   1.4952462e-01   4.1158310e-03
  -1.1470733e+00   2.4241294e-01   2.6143076e-03
   4.0329776e-01   4.2989948e-02   1.6019835e-03
  -1.4835138e+00  -2.1371320e-01   9.4259432e-04
   4.8607641e-01  -2.8689460e-01   5.2947991e-04
   2.7151553e+00  -2.0604990e-01   2.8190161e-04
   6.0868289e-01  -2.1661126e-02   1.4095503e-04
  -3.3436567e-01  -2.6722113e-02   6.5405741e-05
   1.1532458e+00   6.8158732e-02   2.7720296e-05
   1.4434182e+00   1.8002333e-01   1.0498800e-05
   1.5523908e-01   1.9927604e-01   3.4443150e-06
  -6.7987291e-01   9.7026278e-02   9.3412198e-07
   4.8958809e-01   3.5069528e-02   1.9436783e-07
  -3.7331871e-01  -1.2159004e-01   2.7231323e-08
  -2.7840497e-02  -1.0155491e-01   1.9777274e-09
  -4.2465512e-01  -8.3470542e-02   3.8450880e-11
  -1.2422271e+00  -1.7261641e-01   1.1469676e-14
   1.3575167e-01  -2.1575797e-01   1.2697811e-15
  -2.0887828e+00  -6.4641424e-02   1.8547621e-11
  -4.3393441e-01  -1.4467086e-01   1.2780172e-09
   6.4433703e-02  -1.8014630e-02   1.9948527e-08
  -1.3707100e+00   7.7046595e-02   1.5268370e-07
  -1.2740003e+00  -2.7083976e-02   7.6723259e-07
  -8.4179514e-01  -4.5772612e-03   2.9179324e-06
  -1.6939794e+00   7.3951947e-02   9.0995046e-06
  -2.0883584e+00   4.5080919e-02   2.4450590e-05
  -3.3597700e-02  -6.8287239e-02   5.8499562e-05
   2.6384646e-01   5.8622805e-03   1.2750956e-04
   4.7842025e-01  -1.7246977e-01   2.5742915e-04
  -9.7086108e-01  -5.5553485e-03   4.8739270e-04
  -5.6790273e-01   1.0013898e-01   8.7364514e-04
   2.8713419e-01  -3.2469577e-02   1.4936942e-03
   4.2988391e-01   5.3122930e-02   2.4504264e-03
   6.4468228e-01   6.2151207e-02   3.8758660e-03
   7.4847535e-01   8.9272360e-03   5.9342163e-03
  -1.5512231e+00   7.9925103e-02   8.8238015e-03
   1.0239985e+00   1.2213322e-03   1.2777538e-02
  -6.1474699e-01  -8.4542395e-03   1.8061589e-02
   9.1984427e-01   7.5394401e-03   2.4971934e-02
   7.8839090e-01  -7.1130858e-02   3.3828646e-02
   4.3877304e-01   1.1188337e-01   4.4967820e-02
  -1.0171613e+00   7.8927104e-02   5.8731177e-02
   4.8911876e-01   2.4369083e-01   7.5453568e-02
   4.2460277e-01   2.7723472e-01   9.5448686e-02
   6.4304673e-01   3.5789424e-01   1.1899348e-01
   1.0205798e+00   5.1812418e-01   1.4631186e-01
   1.4972544e+00   5.3414703e-01   1.7755843e-01
   7.8632769e-01   7.7594393e-01   2.1280296e-01
  -3.1515033e-01   8.6485899e-01   2.5201647e-01
   2.9729153e-01   9.8993331e-01   2.9505971e-01
   1.6740608e+00   9.7378406e-01   3.4167473e-01
  -1.2058187e+00   1.0333953e+00   3.9148031e-01
  -3.5177405e-01   9.8413464e-01   4.4397168e-01
   4.8603500e-01   1.2944760e+00   4.9852487e-01
   2.1901363e-01   1.4456223e+00   5.5440592e-01
   1.2038132e+00   1.8268125e+00   6.1078488e-01
   2.0852868e+00   1.8328800e+00   6.6675418e-01
   1.3106787e+00   1.8412873e+00   7.2135104e-01
   3.9309992e+00   2.0909166e+00   7.7358315e-01
   2.4043470e+00   2.3090160e+00   8.2245657e-01
   3.3486450e+00   2.5328742e+00   8.6700517e-01
   2.8897840e+00   2.5723738e+00   9.0632006e-01
   3.0469697e+00   2.5260755e+00   9.3957823e-01
   2.3640441e+00   2.5989206e+00   9.6606897e-01
   1.7533371e+00   2.7978973e+00   9.8521708e-01
   2.2823840e+00   3.0215153e+00   9.9660196e-01
   3.6996943e+00   2.9475222e+00   9.9997166e-01
   3.1249696e+00   3.0984993e+00   9.9525133e-01
   4.1403460e+00   2.9178055e+00   9.8254578e-01
   8.9244736e-01   2.8266812e+00   9.6213592e-01
   4.3684219e+00   2.7156633e+00   9.3446933e-01
   2.9312576e+00   2.9140129e+00   9.0014532e-01
   1.1338636e+00   2.7560944e+00   8.5989509e-01
   3.5060726e+00   2.4202284e+00   8.1455796e-01
   1.6397417e+00   2.3327251e+00   7.6505438e-01
   1.8599506e+00   2.1826752e+00   7.1235724e-01
   1.0898166e+00   2.0651230e+00   6.5746218e-01
   2.3434415e+00   1.9555030e+00   6.0135852e-01
   1.4532005e+00   1.8777788e+00   5.4500148e-01
   1.5463325e+00   1.8317059e+00   4.8928711e-01
   1.3743060e+00   1.6220807e+00   4.3503049e-01
   1.1453446e+00   1.5561962e+00   3.8294801e-01
   1.1997891e+00   1.3713773e+00   3.3364422e-01
   2.4625374e+00   1.2115839e+00   2.8760341e-01
   8.7758913e-01   9.5759545e-01   2.4518603e-01
   7.6679379e-01   7.3253624e-01   2.0662975e-01
  -1.1477389e+00   5.8109388e-01   1.7205470e-01
   8.7247626e-01   4.7561793e-01   1.4147247e-01
  -1.6840545e-01   3.3473036e-01   1.1479807e-01
   2.9478871e-01   2.4447750e-01   9.1864203e-02
  -1.0004164e+00   1.4905033e-01   7.2436937e-02
  -4.0834915e-01   3.1319623e-01   5.6232056e-02
  -8.5871901e-01   2.7515847e-01   4.2931272e-02
   2.8441894e-01   3.8351359e-01   3.2197634e-02
   1.1547822e+00   3.4378284e-01   2.3689543e-02
   6.5855925e-01   1.9666898e-01   1.7072923e-02
   3.0969660e-01   5.4174765e-02   1.2031232e-02
  -4.8133929e-01   1.2507994e-01   8.2731424e-03
  -7.9763107e-02   1.3861981e-02   5.5378717e-03
  -9.7124407e-01   8.8372067e-02   3.5982489e-03
  -2.0251377e-01  -5.7526049e-02   2.2617335e-03
   6.3260402e-01  -5.3192614e-02   1.3696742e-03
  -1.1197208e+00   8.2335603e-02   7.9515583e-04
  -1.4884543e+00  -1.4863314e-01   4.3981240e-04
  -1.4380257e+00  -1.9380015e-01   2.2998370e-04
  -6.0640452e-01  -1.0548362e-01   1.1257250e-04
   6.3261979e-01   1.0784061e-01   5.0913672e-05
  -1.1309152e+00   5.1346116e-02   2.0908590e-05
   3.9767549e-01   4.1384455e-02   7.6099229e-06
  -3.2623324e-01   6.5154541e-02   2.3701731e-06
   1.6331242e+00  -6.7586845e-02   5.9884475e-07
  -2.4150335e-02  -8.8751035e-02   1.1245672e-07
  -6.2390432e-02   2.4976779e-02   1.3395824e-08
   1.6606224e+00  -6.4265907e-02   7.2345468e-10
   4.0613960e-01  -3.1078769e-01   6.8695481e-12
  -4.4469147e-01  -4.8089643e-03   2.5165197e-17
  -6.2230420e-01  -1.3715660e-02   9.0289184e-14
   1.6085574e+00   2.3633413e-01   8.6424808e-11
  -1.7839160e-02   1.1482867e-01   3.2721633e-09
   1.6522940e+00  -2.4448040e-02   3.9218984e-08
  -8.9066534e-01  -1.7287225e-01   2.5860474e-07
  -1.2624586e+00  -1.3027087e-01   1.1806241e-06
   5.7716325e-01  -1.8720662e-01   4.1990822e-06
  -6.7351879e-01  -1.0057102e-01   1.2461638e-05
  -2.0755473e-01  -7.5899428e-02   3.2229699e-05
  -2.8718191e-01  -1.3272447e-01   7.4802406e-05
   6.7600732e-01  -1.5215486e-01   1.5904774e-04
  -4.9934401e-01  -2.6681056e-02   3.1452929e-04
  -8.7840069e-01   2.0653442e-02   5.8515217e-04
  -6.0052361e-01  -4.9188390e-02   1.0331810e-03
   4.2455935e-03  -1.2742856e-03   1.7434118e-03
  -9.8156084e-01  -1.9919418e-01   2.8272159e-03
  -4.1445118e-01  -1.4175716e-01   4.4261198e-03
   5.1263682e-01  -1.1215135e-01   6.7145531e-03
   8.9499005e-01   8.8363226e-02   9.9013820e-03
   1.1708960e+00   1.0422104e-01   1.4229862e-02
   6.5904886e-01   2.0033588e-01   1.9975685e-02
  -5.2529058e-02   3.4089016e-01   2.7442866e-02
  -1.1422328e-01   2.6068310e-01   3.6957312e-02
  -7.1917347e-01   1.4005785e-01   4.8858027e-02
  -1.1434890e+00   8.9108810e-02   6.3486060e-02
  -6.1812296e-01   1.3618649e-01   8.1171409e-02
   6.6411979e-01   3.7712330e-01   1.0221829e-01
   1.5458146e+00   1.8546935e-01   1.2688928e-01
  -1.3924574e+00   2.7239986e-01   1.5538891e-01
   1.4975151e+00   4.7108848e-01   1.8784759e-01
   8.7501402e-01   6.0117250e-01   2.2430645e-01
   4.5168067e-01   6.1781112e-01   2.6470409e-01
   3.8677091e-01   7.6237331e-01   3.0886589e-01
  -1.0608508e-02   9.8925085e-01   3.5649675e-01
   5.4173187e-01   1.0731614e+00   4.0717770e-01
   2.3322486e+00   1.2686319e+00   4.6036705e-01
   3.3602396e+00   1.5850661e+00   5.1540622e-01
   8.5394014e-01   1.5493720e+00   5.7153038e-01
   1.9247320e+00   1.9107218e+00   6.2788383e-01
   3.3118973e+00   1.9253916e+00   6.8353969e-01
   1.4614146e+00   1.9136088e+00   7.3752339e-01
   3.0325460e+00   2.0462907e+00   7.8883904e-01
   2.7881753e+00   2.4735731e+00   8.3649805e-01
   4.0370734e+00   2.7058192e+00   8.7954857e-01
   2.1973146e+00   2.7982274e+00   9.1710487e-01
   3.1282873e+00   2.9124672e+00   9.4837541e-01
   2.3539511e+00   2.8032686e+00   9.7268838e-01
   1.6507438e+00   3.0354898e+00   9.8951377e-01
   2.2741390e+00   3.0478463e+00   9.9848101e-01
   2.0636044e+00   3.0790099e+00   9.9939135e-01
   3.3007436e+00   2.9021783e+00   9.9222456e-01
   4.2114127e+00   2.8281880e+00   9.7713963e-01
   2.4869659e+00   2.8979121e+00   9.5446938e-01
   8.9967468e-01   2.8013640e+00   9.2470934e-01
   4.9851857e+00   2.7323826e+00   8.8850120e-01
   1.7080233e+00   2.6668839e+00   8.4661172e-01
   3.3956385e+00   2.5667761e+00   7.9990781e-01
   3.0935614e+00   2.2750972e+00   7.4932900e-01
   2.5032479e+00   2.3241519e+00   6.9585819e-01
   1.3098441e+00   2.0927614e+00   6.4049217e-01
   1.0818503e+00   1.9297125e+00   5.8421270e-01
   1.5132119e+00   1.7235896e+00   5.2795955e-01
   2.1891006e+00   1.5659737e+00   4.7260628e-01
   1.6356042e+00   1.3692670e+00   4.1893965e-01
   2.3716032e+00   1.0647197e+00   3.6764323e-01
   7.8400367e-01   9.1214989e-01   3.1928567e-01
   1.8070477e+00   8.8453247e-01   2.7431380e-01
   9.1135480e-01   7.1173966e-01   2.3305043e-01
  -3.7530171e-01   5.9063887e-01   1.9569676e-01
   4.2008137e-01   5.3519418e-01   1.6233882e-01
  -4.9528322e-01   4.6296163e-01   1.3295747e-01
   7.9610735e-01   3.4119524e-01   1.0744110e-01
   7.0764321e-02   3.6845026e-01   8.5600464e-02
  -6.4794103e-01   4.8401322e-01   6.7184605e-02
   2.1187814e+00   1.8578811e-01   5.1897260e-02
  -3.3032548e-03   5.9271080e-02   3.9412891e-02
  -1.1141796e+00  -2.5424111e-02   2.9391729e-02
  -1.8830673e-01  -5.7819286e-02   2.1493271e-02
   8.0938873e-01  -5.0601939e-02   1.5387814e-02
   1.2185214e+00  -5.1002735e-02   1.0765777e-02
  -1.6105344e+00  -9.6722785e-02   7.3446605e-03
   1.2235710e+00  -1.1561669e-02   4.8736732e-03
   1.2238079e+00  -2.4353111e-02   3.1361492e-03
  -6.5704727e-01  -3.3596651e-02   1.9499996e-03
   1.0371261e+00  -1.3888970e-01   1.1665021e-03
  -4.6512259e-01  -1.9802381e-01   6.6779383e-04
  -9.7123799e-01  -1.7639661e-01   3.6344521e-04
  -3.3068826e-02  -1.1628714e-01   1.8648959e-04
  -9.6073783e-01  -3.4406168e-02   8.9253502e-05
   4.8058649e-01   1.6935015e-02   3.9282645e-05
  -2.1031097e-01  -5.5330056e-03   1.5596918e-05
   3.0480596e-01  -1.2367994e-01   5.4377998e-06
   6.2546314e-01   1.0277802e-01   1.6001424e-06
   6.7926357e-01   3.9889781e-02   3.7369228e-07
   6.1276929e-01   3.8454538e-02   6.2451252e-08
   4.8015302e-02   3.1553947e-02   6.1447991e-09
   1.5472520e-01   1.7476003e-01   2.2875703e-10
   9.5278507e-01   1.5122168e-01   7.6211779e-13
  -4.4219178e-03   2.0830660e-01   6.3218006e-24
   2.7390087e-01   1.6700081e-01   1.4353674e-12
   6.4753531e-02   3.5204816e-02   3.1379916e-10
  -7.1193847e-01   7.8035553e-02   7.5834076e-09
   1.9618436e+00   1.9734526e-01   7.3096098e-08
  -1.4955587e-01   2.5769589e-02   4.2367061e-07
   4.2864830e-01   5.9049465e-02   1.7758895e-06
  -1.2350126e-02   1.6803228e-01   5.9434913e-06
  -6.6697043e-01   2.4346449e-01   1.6852114e-05
   5.6695398e-01   1.2983008e-01   4.2063374e-05
   1.8901862e-01  -3.1632140e-02   9.4881097e-05
   8.2606047e-01  -4.2037906e-02   1.9706751e-04
   1.8117139e+00   3.4122873e-02   3.8213911e-04
   1.3701426e-01   1.1771982e-01   6.9914449e-04
